46
0.818750 0.241667 0.875000 0.241667 0.857426 0.346501 
0.000000 0.028225 0.037877 0.024225 0.000354 0.136603 
0.925000 0.441667 0.956250 0.525000 0.868750 0.491667 
0.064111 0.377129 0.065777 0.417553 0.005165 0.430801 
0.875000 0.241667 0.962500 0.408333 0.857434 0.346499 
0.037877 0.024225 0.101470 0.345016 0.000000 0.022656 
0.925000 0.441667 0.868750 0.491667 0.875000 0.441667 
0.064111 0.377129 0.005165 0.430801 0.014661 0.375847 
0.912500 0.675000 0.950000 0.608333 0.974012 0.703871 
0.000000 0.608010 0.073297 0.548374 0.062453 0.638179 
0.956250 0.525000 0.868750 0.491667 0.925000 0.441667 
0.065777 0.417553 0.005165 0.430801 0.064111 0.377129 
0.857417 0.346542 0.925000 0.441667 0.875000 0.441667 
0.000916 0.136118 0.064111 0.377129 0.014661 0.375847 
0.857434 0.346500 0.962500 0.408333 0.925000 0.441667 
0.000000 0.136991 0.101470 0.345016 0.064111 0.377129 
0.987500 0.533333 0.981250 0.825000 0.981250 0.591667 
0.119494 0.476013 0.065861 0.746978 0.110004 0.534491 
0.962500 0.408333 0.925000 0.441667 0.857434 0.346500 
0.101470 0.345016 0.064111 0.377129 0.000000 0.136991 
0.900000 0.200000 0.962500 0.408333 0.875000 0.241667 
0.049629 0.000000 0.101470 0.345016 0.037877 0.024225 
0.950000 0.608333 0.974012 0.703871 0.912500 0.675000 
0.073297 0.548374 0.062453 0.638179 0.000000 0.608010 
0.981250 0.825000 0.974092 0.703882 0.981250 0.591667 
0.065861 0.746978 0.062397 0.638165 0.110004 0.534491 
0.981250 0.591667 0.981250 0.825000 0.974092 0.703882 
0.110004 0.534491 0.065861 0.746978 0.062397 0.638165 
0.962500 0.483333 0.987500 0.533333 0.956250 0.525000 
0.097292 0.424521 0.119494 0.476013 0.065777 0.417553 
0.974012 0.703871 0.912500 0.675000 0.950000 0.608333 
0.062453 0.638179 0.000000 0.608010 0.073297 0.548374 
0.906250 0.983333 0.981250 0.825000 0.987500 0.900000 
0.011683 0.917444 0.065861 0.746978 0.011689 0.815333 
0.962500 0.483333 0.925000 0.441667 0.962500 0.408333 
0.097292 0.424521 0.064111 0.377129 0.101470 0.345016 
0.875000 0.441667 0.925000 0.441667 0.868750 0.491667 
0.014661 0.375847 0.064111 0.377129 0.005165 0.430801 
0.962500 0.408333 0.857434 0.346499 0.875000 0.241667 
0.101470 0.345016 0.000000 0.022656 0.037877 0.024225 
0.987500 0.900000 0.906250 0.983333 0.981250 0.825000 
0.011689 0.815333 0.011683 0.917444 0.065861 0.746978 
0.912500 0.675000 0.893750 0.566667 0.925000 0.583333 
0.000000 0.608010 0.021455 0.514857 0.053104 0.528841 
0.893750 0.566667 0.956250 0.525000 0.925000 0.583333 
0.021455 0.514857 0.065777 0.417553 0.053104 0.528841 
0.962500 0.408333 0.962500 0.483333 0.925000 0.441667 
0.101470 0.345016 0.097292 0.424521 0.064111 0.377129 
0.974012 0.703871 0.962500 0.791667 0.912500 0.675000 
0.062453 0.638179 0.042040 0.720732 0.000000 0.608010 
0.987500 0.900000 0.981250 0.825000 0.987500 0.533333 
0.011689 0.815333 0.065861 0.746978 0.119494 0.476013 
0.950000 0.608333 0.956250 0.525000 0.981250 0.591667 
0.073297 0.548374 0.065777 0.417553 0.110004 0.534491 
0.912500 0.675000 0.925000 0.583333 0.950000 0.608333 
0.000000 0.608010 0.053104 0.528841 0.073297 0.548374 
0.893750 0.566667 0.925000 0.583333 0.912500 0.675000 
0.021455 0.514857 0.053104 0.528841 0.000000 0.608010 
0.987500 0.533333 0.956250 0.525000 0.962500 0.483333 
0.119494 0.476013 0.065777 0.417553 0.097292 0.424521 
0.925000 0.583333 0.956250 0.525000 0.950000 0.608333 
0.053104 0.528841 0.065777 0.417553 0.073297 0.548374 
0.962500 0.483333 0.956250 0.525000 0.925000 0.441667 
0.097292 0.424521 0.065777 0.417553 0.064111 0.377129 
0.925000 0.441667 0.857434 0.346500 0.962500 0.408333 
0.064111 0.377129 0.000000 0.136991 0.101470 0.345016 
0.906250 0.983333 0.962500 0.791667 0.981250 0.825000 
0.011683 0.917444 0.042040 0.720732 0.065861 0.746978 
0.912500 0.675000 0.962500 0.791667 0.906250 0.983333 
0.000000 0.608010 0.042040 0.720732 0.011683 0.917444 
0.981250 0.825000 0.962500 0.791667 0.974092 0.703882 
0.065861 0.746978 0.042040 0.720732 0.062397 0.638165 
0.900000 0.200000 0.875000 0.241667 0.856250 0.191667 
0.049629 0.000000 0.037877 0.024225 0.005677 0.000000 
0.857434 0.346499 0.875000 0.241667 0.962500 0.408333 
0.000000 0.022656 0.037877 0.024225 0.101470 0.345016 
0.856250 0.191667 0.875000 0.241667 0.818750 0.241667 
0.005677 0.000000 0.037877 0.024225 0.000000 0.028225 
0.974092 0.703882 0.950000 0.608333 0.981250 0.591667 
0.062397 0.638165 0.073297 0.548374 0.110004 0.534491 
0.925000 0.583333 0.950000 0.608333 0.912500 0.675000 
0.053104 0.528841 0.073297 0.548374 0.000000 0.608010 
0.981250 0.591667 0.956250 0.525000 0.987500 0.533333 
0.110004 0.534491 0.065777 0.417553 0.119494 0.476013 
0.974092 0.703882 0.981250 0.591667 0.981250 0.825000 
0.062397 0.638165 0.110004 0.534491 0.065861 0.746978 
0.950000 0.608333 0.981250 0.591667 0.974092 0.703882 
0.073297 0.548374 0.110004 0.534491 0.062397 0.638165 
0.987500 0.533333 0.981250 0.591667 0.956250 0.525000 
0.119494 0.476013 0.110004 0.534491 0.065777 0.417553 
0.857426 0.346501 0.818750 0.241667 0.875000 0.241667 
0.000354 0.136603 0.000000 0.028225 0.037877 0.024225 
